<DetDataSample(
    META INFORMATION
    batch_input_shape: (640, 640)
    img_path: None
    img_id: 0
    ori_shape: (427, 640)
    scale_factor: (1.0, 1.0)
    img_shape: (640, 640)
    pad_shape: (640, 640)

    DATA FIELDS
    ignored_instances: <InstanceData(

            META INFORMATION

            DATA FIELDS
            labels: tensor([], device='cuda:0', dtype=torch.int64)
            bboxes: tensor([], device='cuda:0', size=(0, 4))
        ) at 0x7f83e8cb72b0>
    pred_instances: <InstanceData(

            META INFORMATION

            DATA FIELDS
            labels: tensor([13,  2,  2,  2,  2,  2,  2,  2, 56,  2,  2,  2,  2, 13,  2,  2,  7,  2,
                         2,  7,  7,  2,  7,  2,  7,  2,  2,  2,  2,  7, 56,  2,  2,  2,  7, 13,
                         7, 13,  7,  2,  0,  7,  2,  2, 56,  7,  9,  7, 13,  2,  2,  2,  7,  7,
                         2,  7,  7,  2,  0,  2,  0,  7, 60,  2, 13,  5,  5,  2,  2,  0,  2, 13,
                         2,  2,  7,  2, 56,  2,  7, 13,  7, 13,  2,  2,  2,  2,  7, 13,  2,  2,
                        56,  5,  2,  2,  2,  2,  2,  2,  2, 17, 13,  7,  2,  2,  2,  2,  7,  7,
                        56,  0,  7,  0,  2, 13,  2,  7,  0,  0,  2, 13,  3,  7,  2,  2, 56,  2,
                         2,  2,  2,  7,  2,  2,  5,  2,  7,  2, 56,  0, 60,  0,  7, 56,  7, 13,
                         2,  2,  5,  2,  2, 13, 60,  2,  7,  2,  7,  2,  2, 13, 19,  7,  2, 13,
                         0,  2,  5,  2,  7,  7,  2,  2,  2, 13, 13, 56, 13,  3,  2, 20, 11,  7,
                        13,  2, 18,  7, 13,  2,  2, 25,  2,  7,  2,  8, 57,  8,  7,  2,  2,  2,
                         0, 25,  5,  0,  5,  1,  2,  0,  2,  5,  2,  7, 56,  7,  7, 16,  7, 57,
                        60,  7,  2,  2,  0,  2,  7,  0,  0, 56,  4,  7,  2,  8, 60,  7, 56,  5,
                         2, 56,  2, 13,  2,  7,  7,  7,  8,  7, 56,  8, 19,  2, 13,  7, 16,  7,
                         5,  2,  2,  2,  1,  2,  0,  5, 13, 13,  0, 58, 58, 13,  7, 13,  2,  2,
                         7,  2,  7,  2, 10, 13,  2, 60,  0,  7,  8, 56,  0, 13,  5, 13,  2,  0,
                        25,  7,  7,  7, 13,  7,  5, 13,  0, 13,  6, 13], device='cuda:0')
            bboxes: tensor([[220.5767, 175.4222, 456.2261, 382.1271],
                        [295.5166, 116.1087, 379.2949, 150.0418],
                        [190.3979, 108.5507, 299.0745, 154.6402],
                        ...,
                        [ 47.9298, 114.0328, 243.9773, 132.6459],
                        [  0.0000, 110.2596,  62.0926, 146.0185],
                        [555.7625, 109.3804, 593.6836, 127.2730]], device='cuda:0')
            scores: tensor([0.9106, 0.8482, 0.8329, 0.7843, 0.6650, 0.6571, 0.6435, 0.6089, 0.5465,
                        0.5409, 0.5301, 0.4856, 0.4604, 0.4531, 0.4210, 0.4158, 0.4113, 0.3628,
                        0.3096, 0.2756, 0.2487, 0.2331, 0.2215, 0.2212, 0.2161, 0.2134, 0.2128,
                        0.2081, 0.1861, 0.1754, 0.1742, 0.1730, 0.1707, 0.1694, 0.1682, 0.1608,
                        0.1601, 0.1580, 0.1550, 0.1531, 0.1529, 0.1526, 0.1410, 0.1409, 0.1384,
                        0.1366, 0.1366, 0.1365, 0.1362, 0.1354, 0.1352, 0.1332, 0.1294, 0.1266,
                        0.1264, 0.1255, 0.1250, 0.1248, 0.1226, 0.1173, 0.1153, 0.1149, 0.1082,
                        0.1070, 0.1052, 0.1045, 0.1028, 0.1025, 0.1015, 0.1010, 0.1003, 0.0990,
                        0.0967, 0.0967, 0.0939, 0.0930, 0.0906, 0.0899, 0.0891, 0.0885, 0.0884,
                        0.0870, 0.0858, 0.0851, 0.0846, 0.0842, 0.0842, 0.0815, 0.0812, 0.0804,
                        0.0792, 0.0786, 0.0781, 0.0772, 0.0770, 0.0762, 0.0754, 0.0750, 0.0749,
                        0.0748, 0.0746, 0.0744, 0.0736, 0.0726, 0.0709, 0.0706, 0.0704, 0.0696,
                        0.0688, 0.0666, 0.0659, 0.0659, 0.0645, 0.0645, 0.0640, 0.0637, 0.0635,
                        0.0624, 0.0611, 0.0605, 0.0603, 0.0603, 0.0601, 0.0593, 0.0590, 0.0589,
                        0.0587, 0.0587, 0.0587, 0.0586, 0.0576, 0.0571, 0.0569, 0.0568, 0.0566,
                        0.0565, 0.0562, 0.0560, 0.0556, 0.0555, 0.0551, 0.0550, 0.0538, 0.0533,
                        0.0531, 0.0529, 0.0528, 0.0525, 0.0524, 0.0524, 0.0523, 0.0518, 0.0515,
                        0.0515, 0.0515, 0.0513, 0.0511, 0.0510, 0.0507, 0.0505, 0.0504, 0.0504,
                        0.0501, 0.0496, 0.0492, 0.0491, 0.0490, 0.0489, 0.0483, 0.0481, 0.0477,
                        0.0474, 0.0472, 0.0469, 0.0468, 0.0464, 0.0462, 0.0462, 0.0462, 0.0457,
                        0.0456, 0.0451, 0.0451, 0.0451, 0.0450, 0.0450, 0.0449, 0.0446, 0.0445,
                        0.0442, 0.0440, 0.0438, 0.0438, 0.0437, 0.0436, 0.0435, 0.0435, 0.0434,
                        0.0433, 0.0433, 0.0431, 0.0427, 0.0425, 0.0424, 0.0424, 0.0423, 0.0421,
                        0.0420, 0.0418, 0.0417, 0.0417, 0.0412, 0.0412, 0.0406, 0.0404, 0.0403,
                        0.0402, 0.0401, 0.0400, 0.0400, 0.0399, 0.0393, 0.0393, 0.0388, 0.0387,
                        0.0386, 0.0386, 0.0386, 0.0385, 0.0384, 0.0381, 0.0380, 0.0378, 0.0378,
                        0.0378, 0.0373, 0.0370, 0.0369, 0.0368, 0.0367, 0.0366, 0.0365, 0.0364,
                        0.0360, 0.0359, 0.0358, 0.0356, 0.0356, 0.0355, 0.0354, 0.0353, 0.0353,
                        0.0352, 0.0351, 0.0350, 0.0349, 0.0346, 0.0345, 0.0345, 0.0344, 0.0344,
                        0.0344, 0.0342, 0.0342, 0.0342, 0.0342, 0.0340, 0.0340, 0.0338, 0.0338,
                        0.0337, 0.0336, 0.0336, 0.0333, 0.0332, 0.0332, 0.0330, 0.0330, 0.0329,
                        0.0329, 0.0329, 0.0329, 0.0328, 0.0328, 0.0327, 0.0327, 0.0326, 0.0326,
                        0.0326, 0.0323, 0.0323, 0.0322, 0.0321, 0.0321, 0.0320, 0.0319, 0.0318,
                        0.0318, 0.0317, 0.0317], device='cuda:0')
        ) at 0x7f83e8cb7370>
    gt_instances: <InstanceData(

            META INFORMATION

            DATA FIELDS
            labels: tensor([], device='cuda:0', dtype=torch.int64)
            bboxes: tensor([], device='cuda:0', size=(0, 4))
        ) at 0x7f83e8cb7190>
) at 0x7f83e8cb73a0>

